neurons: 98
geneMin: 1.0381931418498662
geneMax: 0.9938166020985636
popsize: 47
cxpb: 0.5673937804199979
mutpb: 0.3386579838416793
ngens: 11
npools: -3
mu: 1
sigma: 3.057514246096419
indpb: 1
tournsize: 5
name: 2022-09-26_01-03-59_3
finetuning: True
tournament: True
