neurons: 111
geneMin: -1
geneMax: 1
popsize: 53
cxpb: 0.3645183298344749
mutpb: 0.21716217124813758
ngens: 14
npools: 20
mu: 1
sigma: 3.151368942449346
indpb: 0.18609139032727845
tournsize: 1
name: 2022-09-27_12-44-56_4
finetuning: True
tournament: True