neurons: 101
geneMin: 1.4261636339005406
geneMax: 0.9790686808745919
popsize: 42
cxpb: 0.4993554974064208
mutpb: 0.11708143042644406
ngens: 9
npools: 1
mu: 1
sigma: 2.846380724893126
indpb: 0.9332935427308898
tournsize: 6
name: 2022-09-26_01-03-59_6
finetuning: True
tournament: True
